1
1
1 50 30
1 49 30
1 48 30
1 47 30
1 46 30
1 45 30
1 44 30
1 43 30
1 43 29
1 42 29
1 41 29
1 40 29
1 40 28
1 40 27
1 40 26
1 40 25
1 39 25
1 38 25
1 38 24
1 38 23
1 37 23
1 36 23
1 36 22
1 36 21
1 36 20
1 36 19
1 35 19
1 34 19
1 33 19
1 32 19
1 31 19
1 30 19
1 29 19
1 28 19
1 27 19
1 26 19
1 26 18
1 26 17
1 25 17
1 24 17
1 23 17
1 22 17
1 21 17
1 20 17
1 19 17
1 18 17
1 17 17
1 16 17
1 15 17
1 14 17
1 13 17
1 12 17
1 11 17
1 10 17
1 10 16
1 10 15
1 10 14
1 10 13
1 10 12
1 10 11
1 10 10
1 10 9
1 10 8
1 10 7
1 10 6
1 10 5
0